79
-1
5
-9
-25
4
2
7
3
0
1
0
0
0
-1
1
-1
-1
0
-6
7
13
0
-1
0
17
-13
-22
2
1
1
-12
28
1
2
-10
-24
4
2
7
3
1
0
0
0
-1
0
2
-1
-1
0
-4
-2
20
2
-1
-2
1
25
-41
-1
2
-17
-21
55
2
-2
-9
-24
5
2
7
2
1
0
1
-1
0
1
-2
1
0
-1
-3
-2
16
4
0
-1
-3
15
3
-34
-14
-18
-1
57
-12
11
-9
-27
6
3
6
3
1
2
-1
6
9
8
2
-12
-15
-1
-4
-2
16
3
0
-2
-2
1
32
-48
-32
2
-2
52
-23
29
-11
-28
7
2
6
3
2
-5
5
4
6
14
7
3
-7
-28
-7
0
20
-5
0
2
-1
2
-2
-44
-2
0
5
25
-2
29
-12
-27
7
2
6
3
-4
2
2
7
3
14
8
8
3
-2
-51
1
23
-7
-21
26
-1
0
-42
-4
-1
9
31
-20
8
28
-10
-28
7
2
6
2
-4
3
7
3
-1
19
10
2
3
2
-6
-49
26
-6
-42
35
11
-28
-19
-1
2
34
18
-33
6
29
-10
-30
8
3
9
0
-5
6
3
1
18
6
4
3
3
1
3
-25
-5
-6
-34
53
19
-76
-4
0
23
27
3
-30
6
26
-8
-30
7
2
17
-12
-2
6
4
11
8
5
0
3
4
-1
4
0
-17
-2
16
6
5
-73
-10
8
42
5
-1
-29
6
28
-8
-32
6
2
23
-9
-11
8
8
3
6
5
2
0
3
3
-2
0
7
3
1
-6
-2
-69
1
36
18
0
-1
-30
8
27
-8
-32
6
0
27
0
-18
8
2
2
3
-1
3
4
0
2
8
7
2
2
1
-28
-13
-35
16
35
3
-1
0
-28
8
26
-8
-34
7
0
25
6
-19
3
1
2
-7
-17
11
-12
-5
45
14
1
2
-16
-21
6
-37
-6
37
18
-1
-1
-1
-25
4
27
-7
-34
7
1
9
31
-27
-1
1
-14
-14
-4
6
8
39
7
0
2
-37
13
6
-44
-5
9
41
6
-2
-2
-1
-25
1
30
-6
-35
7
2
3
33
-28
3
-18
-11
0
-2
8
34
15
-2
8
5
-47
8
-32
0
-4
27
27
4
-1
-1
-3
-26
1
31
-5
-35
8
2
5
9
-6
-20
-13
0
5
6
41
5
-2
4
12
5
-36
-23
-15
-1
-1
43
8
-2
-1
1
-1
-25
1
32
-6
-35
8
1
11
-10
-3
-13
-9
-1
5
40
14
-15
-8
18
13
-2
-31
-25
3
-11
14
34
3
1
-3
-3
-3
-22
-1
36
-5
-36
7
4
20
-32
-5
0
-9
-1
24
41
-42
-14
21
9
25
-45
-11
-2
13
-21
31
22
-1
0
-1
-3
-4
-21
-4
40
-3
-34
7
3
-16
-1
0
5
-21
6
52
-14
4
-1
8
-14
27
-23
-27
-11
19
-23
43
7
-1
-1
-4
9
12
-51
-2
44
-2
-35
13
-13
-3
-10
-1
12
-17
34
-4
5
16
10
-7
-13
25
-17
-24
-23
22
-13
38
0
-2
-3
9
17
1
-60
-3
47
-2
-32
4
-8
6
-17
-3
18
-11
29
-35
30
12
8
-6
-10
24
-15
-31
-14
25
-3
27
-3
-2
-2
25
5
2
-64
3
41
-2
-35
1
-6
4
0
-12
10
21
-31
4
23
10
6
-1
-10
17
-13
-40
2
21
14
10
-2
-2
8
20
4
0
-70
11
38
-1
-35
0
-12
7
7
1
22
-33
-11
8
23
9
1
0
6
5
-29
-24
7
17
23
1
-1
-3
14
19
0
2
-78
18
38
-1
-32
-7
-12
21
-4
23
-15
-31
2
6
15
14
7
-7
8
-1
-41
-1
9
16
23
0
-2
-4
21
15
0
-1
-81
26
33
-1
-37
-10
-6
24
4
2
-30
-1
-2
3
4
17
17
9
5
-30
-24
4
9
16
20
0
-2
-7
28
12
-2
-8
-68
11
41
1
-31
-21
0
20
2
7
-20
-8
-5
1
4
21
12
9
6
-2
-32
-15
12
15
5
0
2
-3
40
3
-34
-37
32
-26
40
3
-35
-17
7
1
4
19
-11
-19
-4
2
5
24
9
4
10
13
7
-32
-34
23
14
-5
-9
0
45
-25
-38
6
7
-1
29
2
-46
-11
8
-5
11
13
0
-14
-12
2
14
16
10
3
7
9
10
8
-57
11
13
-4
-4
20
20
-51
-3
-1
-7
12
25
3
-48
-11
11
-9
4
22
5
-16
-10
5
15
11
7
1
6
8
11
9
-24
-14
5
-3
2
36
-17
-39
0
-2
-11
23
19
5
-47
-10
2
-3
7
11
4
-21
-1
24
0
18
2
-1
4
7
11
11
0
-40
4
3
2
26
-27
-23
1
-3
-6
30
7
7
-46
-11
2
-1
2
22
-14
-15
10
21
0
16
2
-2
2
6
9
13
7
-45
-17
-9
40
18
-52
4
2
-9
11
26
1
7
-51
-6
3
5
-3
13
-13
-8
16
9
17
4
2
1
-2
3
8
12
11
-26
-27
-5
27
-25
-7
0
10
-17
-2
57
-13
5
-54
3
5
3
0
-2
-1
2
20
6
2
3
2
3
0
1
5
9
11
-6
-45
11
-1
-8
-7
7
-7
-11
